4.91378
2.50324e-11 0.463929
81
54
2.48704
2.02824e-11 0.498765
81
51
1.02531
1.23634e-12 0.504122
81
50
-11.7014
-4.63594e-11 0.560184
81
45
-8.33082
-2.52989e-11 0.542184
81
47
-7.38939
3.21236e-11 0.549306
81
46
-9.46235
6.33094e-12 0.540684
81
47
11.3681
2.66454e-13 0.375112
81
67
4.4852
3.92397e-11 0.485357
81
52
-0.327449
-2.32774e-11 0.517276
81
49
-2.51857
-3.45075e-11 0.54198
81
47
28.4273
2.93561e-11 0.327796
81
77
-12.7272
7.30154e-11 0.540602
81
47
-10.2149
-2.86633e-11 0.531245
81
48
-11.7068
-5.32481e-11 0.552847
81
46
19.3919
2.70024e-11 0.339214
81
74
