BPix_BmO_SEC1_LYR2_LDR1H_MOD4_ROC0
15
0 17 34 51 68 85 102 119 136 153 170 187 204 221 238 
0 0 0 0 0 0 0 0 0 0 0 0 0 0 0 
0.1 0.1 0.1 0.1 0.1 0.1 0.1 0.1 0.1 0.1 0.1 0.1 0.1 0.1 0.1 
0
65.5303 60 0 0 0
81
250
BPix_BmO_SEC1_LYR2_LDR1H_MOD4_ROC1
15
0 17 34 51 68 85 102 119 136 153 170 187 204 221 238 
0 0 0 0 0 0 0 0 0 0 0 0 0 0 0 
0.1 0.1 0.1 0.1 0.1 0.1 0.1 0.1 0.1 0.1 0.1 0.1 0.1 0.1 0.1 
0
65.5303 60 0 0 0
81
250
BPix_BmO_SEC1_LYR2_LDR1H_MOD4_ROC2
15
0 17 34 51 68 85 102 119 136 153 170 187 204 221 238 
0 0 0 0 0 0 0 0 0 0 0 0 0 0 0 
0.1 0.1 0.1 0.1 0.1 0.1 0.1 0.1 0.1 0.1 0.1 0.1 0.1 0.1 0.1 
0
65.5303 60 0 0 0
81
250
BPix_BmO_SEC1_LYR2_LDR1H_MOD4_ROC3
15
0 17 34 51 68 85 102 119 136 153 170 187 204 221 238 
0 0 0 0 0 0 0 0 0 0 0 0 0 0 0 
0.1 0.1 0.1 0.1 0.1 0.1 0.1 0.1 0.1 0.1 0.1 0.1 0.1 0.1 0.1 
0
65.5303 60 0 0 0
81
250
BPix_BmO_SEC1_LYR2_LDR1H_MOD4_ROC4
15
0 17 34 51 68 85 102 119 136 153 170 187 204 221 238 
0 0 0 0 0 0 0 0 0 0 0 0 0 0 0 
0.1 0.1 0.1 0.1 0.1 0.1 0.1 0.1 0.1 0.1 0.1 0.1 0.1 0.1 0.1 
0
65.5303 60 0 0 0
81
250
BPix_BmO_SEC1_LYR2_LDR1H_MOD4_ROC5
15
0 17 34 51 68 85 102 119 136 153 170 187 204 221 238 
0 0 0 0 0 0 0 0 0 0 0 0 0 0 0 
0.1 0.1 0.1 0.1 0.1 0.1 0.1 0.1 0.1 0.1 0.1 0.1 0.1 0.1 0.1 
0
65.5303 60 0 0 0
81
250
BPix_BmO_SEC1_LYR2_LDR1H_MOD4_ROC6
15
0 17 34 51 68 85 102 119 136 153 170 187 204 221 238 
0 0 0 0 0 0 0 0 0 0 0 0 0 0 0 
0.1 0.1 0.1 0.1 0.1 0.1 0.1 0.1 0.1 0.1 0.1 0.1 0.1 0.1 0.1 
0
65.5303 60 0 0 0
81
250
BPix_BmO_SEC1_LYR2_LDR1H_MOD4_ROC7
15
0 17 34 51 68 85 102 119 136 153 170 187 204 221 238 
0 0 0 0 0 0 0 0 0 0 0 0 0 0 0 
0.1 0.1 0.1 0.1 0.1 0.1 0.1 0.1 0.1 0.1 0.1 0.1 0.1 0.1 0.1 
0
65.5303 60 0 0 0
81
250
BPix_BmO_SEC1_LYR2_LDR1H_MOD4_ROC8
15
0 17 34 51 68 85 102 119 136 153 170 187 204 221 238 
0 0 0 0 0 0 0 0 0 0 0 0 0 0 0 
0.1 0.1 0.1 0.1 0.1 0.1 0.1 0.1 0.1 0.1 0.1 0.1 0.1 0.1 0.1 
0
65.5303 60 0 0 0
81
250
BPix_BmO_SEC1_LYR2_LDR1H_MOD4_ROC9
15
0 17 34 51 68 85 102 119 136 153 170 187 204 221 238 
0 0 0 0 0 0 0 0 0 0 0 0 0 0 0 
0.1 0.1 0.1 0.1 0.1 0.1 0.1 0.1 0.1 0.1 0.1 0.1 0.1 0.1 0.1 
0
65.5303 60 0 0 0
81
250
BPix_BmO_SEC1_LYR2_LDR1H_MOD4_ROC10
15
0 17 34 51 68 85 102 119 136 153 170 187 204 221 238 
0 0 0 0 0 0 0 0 0 0 0 0 0 0 0 
0.1 0.1 0.1 0.1 0.1 0.1 0.1 0.1 0.1 0.1 0.1 0.1 0.1 0.1 0.1 
0
65.5303 60 0 0 0
81
250
BPix_BmO_SEC1_LYR2_LDR1H_MOD4_ROC11
15
0 17 34 51 68 85 102 119 136 153 170 187 204 221 238 
0 0 0 0 0 0 0 0 0 0 0 0 0 0 0 
0.1 0.1 0.1 0.1 0.1 0.1 0.1 0.1 0.1 0.1 0.1 0.1 0.1 0.1 0.1 
0
65.5303 60 0 0 0
81
250
BPix_BmO_SEC1_LYR2_LDR1H_MOD4_ROC12
15
0 17 34 51 68 85 102 119 136 153 170 187 204 221 238 
0 0 0 0 0 0 0 0 0 0 0 0 0 0 0 
0.1 0.1 0.1 0.1 0.1 0.1 0.1 0.1 0.1 0.1 0.1 0.1 0.1 0.1 0.1 
0
65.5303 60 0 0 0
81
250
BPix_BmO_SEC1_LYR2_LDR1H_MOD4_ROC13
15
0 17 34 51 68 85 102 119 136 153 170 187 204 221 238 
0 0 0 0 0 0 0 0 0 0 0 0 0 0 0 
0.1 0.1 0.1 0.1 0.1 0.1 0.1 0.1 0.1 0.1 0.1 0.1 0.1 0.1 0.1 
0
65.5303 60 0 0 0
81
250
BPix_BmO_SEC1_LYR2_LDR1H_MOD4_ROC14
15
0 17 34 51 68 85 102 119 136 153 170 187 204 221 238 
0 0 0 0 0 0 0 0 0 0 0 0 0 0 0 
0.1 0.1 0.1 0.1 0.1 0.1 0.1 0.1 0.1 0.1 0.1 0.1 0.1 0.1 0.1 
0
65.5303 60 0 0 0
81
250
BPix_BmO_SEC1_LYR2_LDR1H_MOD4_ROC15
15
0 17 34 51 68 85 102 119 136 153 170 187 204 221 238 
0 0 0 0 0 0 0 0 0 0 0 0 0 0 0 
0.1 0.1 0.1 0.1 0.1 0.1 0.1 0.1 0.1 0.1 0.1 0.1 0.1 0.1 0.1 
0
65.5303 60 0 0 0
81
250
