11.4838
212.267 8.55315 -106.517 109.839 116.016
81
64
9.72558
202.749 22.4995 -97.9575 101.95 117.774
81
65
11.1215
211.44 4.54266 -107.997 112.978 116.377
81
62
154.471
10.1739 29.8254 -9532.48 -8.8418 -74.9574
81
250
10.8184
211.48 8.55996 -107.152 110.443 116.682
81
63
11.0807
189.224 15.7743 -119.991 89.9539 99.7479
81
65
10.3828
198.519 3.57476 -119.309 99.7221 102.118
81
63
134.509
34.3175 40.6979 20.2033 -19.9934 -52.7878
81
250
11.1067
206.886 13.7151 -97.7532 106.424 116.393
81
64
10.9662
212.862 4.54599 -100.219 113.094 116.535
81
63
11.6992
211.943 5.45747 -98.8241 111.701 115.801
81
64
178.19
14.4597 25.54 -119.517 -41.8504 -99.9479
81
250
14.7152
201.523 25.2929 -74.4598 95.2396 112.785
81
71
13.5992
203.902 23.8626 -79.0275 97.1679 113.701
81
70
12.1802
198.534 32.7043 -81.1639 93.3212 115.32
81
70
127.544
24.3062 30.7133 -4704.55 -3.02019 -47.8238
81
0
