8.52551
4.5226e-12 0.521939
81
48
5.50704
-2.29541e-11 0.525378
81
48
8.84224
2.29115e-11 0.529
81
48
71.2332
5.45147e-10 0.160765
81
156
8.03143
7.45004e-12 0.525347
81
48
7.87847
-1.64917e-11 0.512316
81
49
7.61286
2.06057e-12 0.523857
81
48
92.0317
-1.00338e-11 0.0515612
81
250
3.86684
-2.11964e-11 0.0896429
81
250
2.46071
-8.36575e-12 0.0963776
81
250
-0.485816
4.34937e-11 0.143847
81
174
45.8932
-6.38352e-11 -0.116133
81
250
5.46643
-4.70646e-12 0.0880918
81
250
5.31469
-5.17186e-12 0.0880816
81
250
5.2498
-9.44844e-12 0.0888163
81
250
50.2095
3.11502e-11 -0.170214
81
250
