208.709
67.1449 10.1315 -32993.2 -10561.3 -14708.9
81
0
196.709
67.1449 10.1315 -32993.2 -10561.3 -14708.9
81
0
213.651
76.2264 1.7321 -5651.2 -11651.2 -17651.2
81
250
113.736
59.9066 21.7137 53979.7 -27658.4 -120678
81
0
208.709
67.1449 10.1315 -32993.2 -10561.3 -14708.9
81
0
199.879
58.238 20.7629 121.017 -1878.98 -3878.98
81
250
200
50.7967 5.69046 0.132846 -999.867 -1999.87
81
250
191.879
58.238 20.7629 121.017 -1878.98 -3878.98
81
250
201.879
58.238 20.7629 121.017 -1878.98 -3878.98
81
250
208.709
67.1449 10.1315 -32993.2 -10561.3 -14708.9
81
0
211.651
76.2264 1.7321 -5651.2 -11651.2 -17651.2
81
250
111.901
59.9065 21.7138 51814.8 -27579.7 -118701
81
0
199.879
58.238 20.7629 121.017 -1878.98 -3878.98
81
250
196
50.7967 5.69046 0.132846 -999.867 -1999.87
81
250
194.709
67.1449 10.1315 -32993.2 -10561.3 -14708.9
81
0
111.901
59.9065 21.7138 51814.8 -27579.7 -118701
81
0
