9.14354
98.0572 105.941 -582.977 50.7298 107.857
81
50
6.14354
98.0572 105.941 -582.977 50.7298 107.857
81
50
8.57332
92.0704 113.522 -718.272 49.3427 112.226
81
48
24.8311
128.736 73.0495 -36.9014 48.9918 90.1689
81
79
8.43008
83.3607 121.737 -861.691 43.8524 109.495
81
49
9.52834
93.047 112.51 -649.188 46.2801 104.19
81
52
9.56932
107.946 96.0341 -396.195 54.6263 106.431
81
52
187.842
42.946 42.8489 -1.11044e+06 -50.8129 -101.509
81
250
9.07434
112.193 89.9391 -299.556 57.5852 107.926
81
52
8.65608
97.8104 106.188 -598.41 51.5431 109.844
81
49
9.14426
106.373 95.8265 -406.63 55.7935 109.356
81
50
16.6552
138.359 74.7211 -118.6 60.0937 99.6522
81
65
-26.663
50.9644 130.514 -285174 39.2196 139.663
81
33
7.41079
83.7825 121.357 -822.029 42.4564 105.515
81
50
7.09615
203.224 143.018 -1312.95 103.444 179.31
81
52
30.9543
130.767 68.6305 -15.9927 42.6071 82.5457
81
95
