Portcard: BPix_Bm0_SEC1_PRT1
Module: BPix_BmO_SEC1_LYR2_LDR2H_MOD2
SDaOrigin: 64
RDaOrigin: 64
SDaRange: 64
RDaRange: 64
GridSize: 2
Tests: 10
GridScan:
64 64 0
64 66 0
64 68 0
64 70 0
64 72 0
64 74 0
64 76 0
64 78 0
64 80 0
64 82 0
64 84 0
64 86 0
64 88 0
64 90 0
64 92 0
64 94 0
64 96 0
64 98 0
64 100 0
64 102 0
64 104 0
64 106 0
64 108 0
64 110 0
64 112 0
64 114 0
64 116 0
64 118 0
64 120 0
64 122 0
64 124 0
64 126 0
66 64 0
66 66 0
66 68 0
66 70 0
66 72 0
66 74 0
66 76 0
66 78 0
66 80 0
66 82 0
66 84 0
66 86 0
66 88 0
66 90 0
66 92 0
66 94 0
66 96 0
66 98 0
66 100 0
66 102 0
66 104 0
66 106 0
66 108 0
66 110 0
66 112 0
66 114 0
66 116 0
66 118 0
66 120 0
66 122 0
66 124 0
66 126 0
68 64 0
68 66 0
68 68 0
68 70 0
68 72 0
68 74 0
68 76 0
68 78 0
68 80 0
68 82 0
68 84 0
68 86 0
68 88 0
68 90 0
68 92 0
68 94 0
68 96 0
68 98 0
68 100 0
68 102 0
68 104 0
68 106 0
68 108 0
68 110 0
68 112 0
68 114 0
68 116 0
68 118 0
68 120 0
68 122 0
68 124 0
68 126 0
70 64 0
70 66 0
70 68 0
70 70 0
70 72 0
70 74 0
70 76 0
70 78 0
70 80 0
70 82 0
70 84 0
70 86 0
70 88 0
70 90 0
70 92 0
70 94 0
70 96 0
70 98 0
70 100 0
70 102 0
70 104 0
70 106 0
70 108 0
70 110 0
70 112 0
70 114 0
70 116 0
70 118 0
70 120 0
70 122 0
70 124 0
70 126 0
72 64 0
72 66 0
72 68 0
72 70 0
72 72 0
72 74 0
72 76 0
72 78 0
72 80 0
72 82 0
72 84 0
72 86 0
72 88 0
72 90 0
72 92 0
72 94 0
72 96 0
72 98 0
72 100 0
72 102 0
72 104 0
72 106 0
72 108 0
72 110 0
72 112 0
72 114 0
72 116 0
72 118 0
72 120 0
72 122 0
72 124 0
72 126 0
74 64 0
74 66 0
74 68 0
74 70 0
74 72 0
74 74 0
74 76 0
74 78 0
74 80 0
74 82 0
74 84 0
74 86 0
74 88 0
74 90 0
74 92 0
74 94 0
74 96 0
74 98 0
74 100 0
74 102 0
74 104 0
74 106 0
74 108 0
74 110 0
74 112 0
74 114 0
74 116 0
74 118 0
74 120 0
74 122 0
74 124 0
74 126 0
76 64 0
76 66 0
76 68 0
76 70 0
76 72 0
76 74 0
76 76 0
76 78 0
76 80 0
76 82 0
76 84 0
76 86 0
76 88 0
76 90 0
76 92 0
76 94 0
76 96 0
76 98 0
76 100 0
76 102 0
76 104 0
76 106 0
76 108 0
76 110 0
76 112 0
76 114 0
76 116 0
76 118 0
76 120 0
76 122 0
76 124 0
76 126 0
78 64 0
78 66 0
78 68 0
78 70 0
78 72 0
78 74 0
78 76 0
78 78 0
78 80 0
78 82 0
78 84 0
78 86 0
78 88 0
78 90 0
78 92 0
78 94 0
78 96 0
78 98 0
78 100 0
78 102 0
78 104 0
78 106 0
78 108 0
78 110 0
78 112 0
78 114 0
78 116 0
78 118 0
78 120 0
78 122 0
78 124 0
78 126 0
80 64 0
80 66 0
80 68 0
80 70 0
80 72 0
80 74 0
80 76 0
80 78 0
80 80 0
80 82 0
80 84 0
80 86 0
80 88 0
80 90 0
80 92 0
80 94 0
80 96 0
80 98 0
80 100 0
80 102 0
80 104 0
80 106 0
80 108 0
80 110 0
80 112 0
80 114 0
80 116 0
80 118 0
80 120 0
80 122 0
80 124 0
80 126 0
82 64 0
82 66 0
82 68 0
82 70 0
82 72 0
82 74 0
82 76 0
82 78 0
82 80 0
82 82 0
82 84 0
82 86 0
82 88 0
82 90 0
82 92 0
82 94 0
82 96 0
82 98 0
82 100 10
82 102 10
82 104 10
82 106 1
82 108 0
82 110 0
82 112 0
82 114 0
82 116 0
82 118 0
82 120 0
82 122 0
82 124 0
82 126 0
84 64 0
84 66 0
84 68 0
84 70 0
84 72 0
84 74 0
84 76 0
84 78 0
84 80 0
84 82 0
84 84 0
84 86 0
84 88 0
84 90 0
84 92 0
84 94 0
84 96 0
84 98 10
84 100 10
84 102 10
84 104 10
84 106 1
84 108 0
84 110 0
84 112 0
84 114 0
84 116 0
84 118 0
84 120 0
84 122 0
84 124 0
84 126 0
86 64 0
86 66 0
86 68 0
86 70 0
86 72 0
86 74 0
86 76 0
86 78 0
86 80 0
86 82 0
86 84 0
86 86 0
86 88 0
86 90 0
86 92 0
86 94 0
86 96 10
86 98 10
86 100 10
86 102 10
86 104 3
86 106 0
86 108 0
86 110 0
86 112 0
86 114 0
86 116 0
86 118 0
86 120 0
86 122 0
86 124 0
86 126 0
88 64 0
88 66 0
88 68 0
88 70 0
88 72 0
88 74 0
88 76 0
88 78 0
88 80 0
88 82 0
88 84 0
88 86 0
88 88 0
88 90 0
88 92 0
88 94 10
88 96 10
88 98 10
88 100 10
88 102 4
88 104 2
88 106 0
88 108 0
88 110 0
88 112 0
88 114 0
88 116 0
88 118 0
88 120 0
88 122 0
88 124 0
88 126 0
90 64 0
90 66 0
90 68 0
90 70 0
90 72 0
90 74 0
90 76 0
90 78 0
90 80 0
90 82 0
90 84 0
90 86 0
90 88 0
90 90 0
90 92 10
90 94 10
90 96 10
90 98 10
90 100 4
90 102 2
90 104 0
90 106 0
90 108 0
90 110 0
90 112 0
90 114 0
90 116 0
90 118 0
90 120 0
90 122 0
90 124 0
90 126 0
92 64 0
92 66 0
92 68 0
92 70 0
92 72 0
92 74 0
92 76 0
92 78 0
92 80 0
92 82 0
92 84 0
92 86 0
92 88 0
92 90 10
92 92 10
92 94 10
92 96 10
92 98 4
92 100 2
92 102 0
92 104 0
92 106 0
92 108 0
92 110 0
92 112 0
92 114 0
92 116 0
92 118 0
92 120 0
92 122 0
92 124 0
92 126 0
94 64 0
94 66 0
94 68 0
94 70 0
94 72 0
94 74 0
94 76 0
94 78 0
94 80 0
94 82 0
94 84 0
94 86 0
94 88 10
94 90 10
94 92 10
94 94 10
94 96 3
94 98 2
94 100 0
94 102 0
94 104 0
94 106 0
94 108 0
94 110 0
94 112 0
94 114 0
94 116 0
94 118 0
94 120 0
94 122 0
94 124 0
94 126 0
96 64 0
96 66 0
96 68 0
96 70 0
96 72 0
96 74 0
96 76 0
96 78 0
96 80 0
96 82 0
96 84 0
96 86 10
96 88 10
96 90 10
96 92 10
96 94 3
96 96 2
96 98 0
96 100 0
96 102 0
96 104 0
96 106 0
96 108 0
96 110 0
96 112 0
96 114 0
96 116 0
96 118 0
96 120 0
96 122 0
96 124 0
96 126 0
98 64 0
98 66 0
98 68 0
98 70 0
98 72 0
98 74 0
98 76 0
98 78 0
98 80 0
98 82 0
98 84 9
98 86 10
98 88 9
98 90 9
98 92 3
98 94 2
98 96 0
98 98 0
98 100 0
98 102 0
98 104 0
98 106 0
98 108 0
98 110 0
98 112 0
98 114 0
98 116 0
98 118 0
98 120 0
98 122 0
98 124 0
98 126 0
100 64 0
100 66 0
100 68 0
100 70 0
100 72 0
100 74 0
100 76 0
100 78 0
100 80 0
100 82 0
100 84 0
100 86 0
100 88 0
100 90 0
100 92 0
100 94 0
100 96 0
100 98 0
100 100 0
100 102 0
100 104 0
100 106 0
100 108 0
100 110 0
100 112 0
100 114 0
100 116 0
100 118 0
100 120 0
100 122 0
100 124 0
100 126 0
102 64 0
102 66 0
102 68 0
102 70 0
102 72 0
102 74 0
102 76 0
102 78 0
102 80 0
102 82 0
102 84 0
102 86 0
102 88 0
102 90 0
102 92 0
102 94 0
102 96 0
102 98 0
102 100 0
102 102 0
102 104 0
102 106 0
102 108 0
102 110 0
102 112 0
102 114 0
102 116 0
102 118 0
102 120 0
102 122 0
102 124 0
102 126 0
104 64 0
104 66 0
104 68 0
104 70 0
104 72 0
104 74 0
104 76 0
104 78 0
104 80 0
104 82 0
104 84 0
104 86 0
104 88 0
104 90 0
104 92 0
104 94 0
104 96 0
104 98 0
104 100 0
104 102 0
104 104 0
104 106 0
104 108 0
104 110 0
104 112 0
104 114 0
104 116 0
104 118 0
104 120 0
104 122 0
104 124 0
104 126 0
106 64 0
106 66 0
106 68 0
106 70 0
106 72 0
106 74 0
106 76 0
106 78 0
106 80 0
106 82 0
106 84 0
106 86 0
106 88 0
106 90 0
106 92 0
106 94 0
106 96 0
106 98 0
106 100 0
106 102 0
106 104 0
106 106 0
106 108 0
106 110 0
106 112 0
106 114 0
106 116 0
106 118 0
106 120 0
106 122 0
106 124 0
106 126 0
108 64 0
108 66 0
108 68 0
108 70 0
108 72 0
108 74 0
108 76 0
108 78 0
108 80 0
108 82 0
108 84 0
108 86 0
108 88 0
108 90 0
108 92 0
108 94 0
108 96 0
108 98 0
108 100 0
108 102 0
108 104 0
108 106 0
108 108 0
108 110 0
108 112 0
108 114 0
108 116 0
108 118 0
108 120 0
108 122 0
108 124 0
108 126 0
110 64 0
110 66 0
110 68 0
110 70 0
110 72 0
110 74 0
110 76 0
110 78 0
110 80 0
110 82 0
110 84 0
110 86 0
110 88 0
110 90 0
110 92 0
110 94 0
110 96 0
110 98 0
110 100 0
110 102 0
110 104 0
110 106 0
110 108 0
110 110 0
110 112 0
110 114 0
110 116 0
110 118 0
110 120 0
110 122 0
110 124 0
110 126 0
112 64 0
112 66 0
112 68 0
112 70 0
112 72 0
112 74 0
112 76 0
112 78 0
112 80 0
112 82 0
112 84 0
112 86 0
112 88 0
112 90 0
112 92 0
112 94 0
112 96 0
112 98 0
112 100 0
112 102 0
112 104 0
112 106 0
112 108 0
112 110 0
112 112 0
112 114 0
112 116 0
112 118 0
112 120 0
112 122 0
112 124 0
112 126 0
114 64 0
114 66 0
114 68 0
114 70 0
114 72 0
114 74 0
114 76 0
114 78 0
114 80 0
114 82 0
114 84 0
114 86 0
114 88 0
114 90 0
114 92 0
114 94 0
114 96 0
114 98 0
114 100 0
114 102 0
114 104 0
114 106 0
114 108 0
114 110 0
114 112 0
114 114 0
114 116 0
114 118 0
114 120 0
114 122 0
114 124 0
114 126 0
116 64 0
116 66 0
116 68 0
116 70 0
116 72 0
116 74 0
116 76 0
116 78 0
116 80 0
116 82 0
116 84 0
116 86 0
116 88 0
116 90 0
116 92 0
116 94 0
116 96 0
116 98 0
116 100 0
116 102 0
116 104 0
116 106 0
116 108 0
116 110 0
116 112 0
116 114 0
116 116 0
116 118 0
116 120 0
116 122 0
116 124 0
116 126 0
118 64 0
118 66 0
118 68 0
118 70 0
118 72 0
118 74 0
118 76 0
118 78 0
118 80 0
118 82 0
118 84 0
118 86 0
118 88 0
118 90 0
118 92 0
118 94 0
118 96 0
118 98 0
118 100 0
118 102 0
118 104 0
118 106 0
118 108 0
118 110 0
118 112 0
118 114 0
118 116 0
118 118 0
118 120 0
118 122 0
118 124 0
118 126 0
120 64 0
120 66 0
120 68 0
120 70 0
120 72 0
120 74 0
120 76 0
120 78 0
120 80 0
120 82 0
120 84 0
120 86 0
120 88 0
120 90 0
120 92 0
120 94 0
120 96 0
120 98 0
120 100 0
120 102 0
120 104 0
120 106 0
120 108 0
120 110 0
120 112 0
120 114 0
120 116 0
120 118 0
120 120 0
120 122 0
120 124 0
120 126 0
122 64 0
122 66 0
122 68 0
122 70 0
122 72 0
122 74 0
122 76 0
122 78 0
122 80 0
122 82 0
122 84 0
122 86 0
122 88 0
122 90 0
122 92 0
122 94 0
122 96 0
122 98 0
122 100 0
122 102 0
122 104 0
122 106 0
122 108 0
122 110 0
122 112 0
122 114 0
122 116 0
122 118 0
122 120 0
122 122 0
122 124 0
122 126 0
124 64 0
124 66 0
124 68 0
124 70 0
124 72 0
124 74 0
124 76 0
124 78 0
124 80 0
124 82 0
124 84 0
124 86 0
124 88 0
124 90 0
124 92 0
124 94 0
124 96 0
124 98 0
124 100 0
124 102 0
124 104 0
124 106 0
124 108 0
124 110 0
124 112 0
124 114 0
124 116 0
124 118 0
124 120 0
124 122 0
124 124 0
124 126 0
126 64 0
126 66 0
126 68 0
126 70 0
126 72 0
126 74 0
126 76 0
126 78 0
126 80 0
126 82 0
126 84 0
126 86 0
126 88 0
126 90 0
126 92 0
126 94 0
126 96 0
126 98 0
126 100 0
126 102 0
126 104 0
126 106 0
126 108 0
126 110 0
126 112 0
126 114 0
126 116 0
126 118 0
126 120 0
126 122 0
126 124 0
126 126 0
SelectedPoint:
89 95 10
