9.15153
4.07852e-12 0.455663
81
55
6.09531
-1.48397e-11 0.446755
81
56
9.08959
1.79057e-11 0.449939
81
56
65.6947
1.18039e-12 0.128408
81
195
8.70449
-1.97247e-11 0.458082
81
55
8.18388
1.80904e-11 0.435163
81
58
7.97714
5.53264e-11 0.445388
81
57
85.7093
-1.15463e-12 0.0242143
81
250
10.7479
1.34506e-11 0.447622
81
56
8.24449
2.69402e-11 0.450082
81
56
6.84571
-4.17018e-11 0.535959
81
47
64.2368
4.36589e-11 0.112071
81
224
6.18745
-5.04841e-12 0.434194
81
58
9.94418
3.18217e-11 0.437949
81
58
5.79418
-2.32525e-11 0.438867
81
57
69.2246
2.26361e-11 0.0930918
81
250
