6.65857
3.52074e-12 0.524918
81
48
5.49551
-1.65272e-11 0.525388
81
48
8.95796
-4.62208e-12 0.528816
81
48
75.2563
7.07068e-11 0.133429
81
188
6.05837
-3.26494e-11 0.528122
81
48
-2.67735
-2.57394e-11 0.479857
81
53
-3.20592
5.47971e-11 0.490673
81
51
85.871
-4.15525e-11 -0.000734694
81
250
7.57316
3.46603e-11 0.525418
81
48
6.03357
-8.84626e-12 0.539459
81
47
6.81306
-2.32383e-11 0.536367
81
47
59.992
-6.35776e-11 0.203122
81
124
4.21439
1.25802e-11 0.524724
81
48
3.26806
-6.35936e-12 0.526745
81
48
1.75776
-9.14113e-12 0.528551
81
48
64.7726
1.04714e-10 0.171765
81
146
