127.871
160.123 11.4472 636.667 4677.92 359459
81
0
120.645
160.137 11.8856 5398.04 9160.95 351365
81
0
134.6
155.045 26.0437 -973.638 895.084 354323
81
155
567.715
27.1083 27.8918 -55366.9 -84688.8 -297173
81
250
140.244
150.16 66.3838 21.3622 858.625 369471
81
150
133.981
150.146 69.0551 -1.41936 819.082 371447
81
150
142.429
148.116 69.14 -3505.83 -2721.29 366714
81
149
510.527
63.6739 0.39934 -526.546 -90857.9 -225523
81
250
32.6759
145.925 72.804 -588385 296556 476753
81
1
29.9581
146.82 69.0271 -657297 306567 480042
81
1
35.2933
145.571 69.8535 -562699 298698 474707
81
1
429.527
35.5139 0.119816 80480.7 -31532.5 -75010.2
81
0
39.1673
130.646 93.2883 -258889 237929 469166
81
1
35.6213
128.805 97.3603 -272353 235181 473979
81
1
26.7731
141.998 89.1361 -602176 275592 483227
81
1
510.276
36.0942 3.87289 -210.906 -25379.6 -183511
81
250
