25.5195
2.57301e-11 0.10401
81
241
23.7183
-8.16236e-12 0.105071
81
238
26.4757
3.72946e-11 0.0982245
81
250
84.8992
6.06057e-11 -0.260449
81
250
25.1845
3.07026e-11 0.105959
81
236
24.5771
1.01461e-11 0.10702
81
234
27.8308
-3.76952e-11 0.0639388
81
250
103.36
5.35039e-11 -0.35599
81
250
5.80633
-5.24736e-12 0.535163
81
47
5.87255
-7.48557e-12 0.53952
81
47
6.91653
2.68976e-11 0.534551
81
47
59.7292
-1.10578e-11 0.206714
81
121
5.72633
-6.52207e-11 0.520551
81
49
2.83102
-3.11005e-11 0.531755
81
48
1.41418
-1.76854e-11 0.533235
81
47
60.3943
4.87392e-11 0.210939
81
119
