25.7494
-1.66889e-12 0.250122
81
100
25.1269
-9.57101e-12 0.253184
81
99
26.3436
3.57696e-11 0.248378
81
101
11.9501
3.41238e-11 0.327071
81
77
27.0293
-2.56354e-11 0.245929
81
102
28.911
-1.64748e-11 0.247388
81
102
24.7444
-3.81561e-12 0.250867
81
100
72.2105
1.43352e-12 -0.0372551
81
250
23.7324
-3.79607e-11 0.285653
81
88
22.9772
-1.2875e-11 0.277255
81
91
15.3349
2.81339e-11 0.344755
81
73
88.6556
5.37881e-12 -0.0778061
81
250
22.4791
1.92539e-11 0.272296
81
92
23.316
2.50262e-11 0.270724
81
93
28.4117
-5.23261e-11 0.234745
81
107
89.9009
6.56897e-11 -0.0952347
81
250
